.Random.seed <-
c(403L, 10L, 211557521L, 760126656L, 1702629022L, -1331625367L, 
1566565019L, -21049430L, 658676684L, -1027893617L, 886310597L, 
1428975228L, 709558994L, -1962539443L, -60757241L, 2103971566L, 
450620360L, 43695307L, -517159639L, 1016022392L, -2006066522L, 
1740111041L, -755409581L, -2032936446L, -1431444684L, 1528025271L, 
-1039189843L, -1690892860L, 1510020586L, 430025301L, 1347195887L, 
1909683190L, -128785120L, -2060104989L, -1320940671L, -2058908176L, 
-1852025714L, 994851833L, -2101339765L, -1539611206L, 1899990204L, 
-1576919041L, -638632619L, 1770225260L, -1693787454L, -213099235L, 
1250571159L, 1341343486L, -766405448L, 1502537371L, -1494260487L, 
-1488300472L, 1062048118L, 67614897L, 1942977763L, 1996598194L, 
1555657732L, -1274136761L, 1186590237L, -2076556140L, -802626502L, 
1663147653L, -1192140961L, 1104281574L, -1019530640L, -1143925357L, 
1172947505L, 1800708320L, 1702746494L, 1788599305L, -1772114885L, 
1474032138L, 439908844L, 289889903L, 456905125L, 1226361180L, 
-631507662L, -370095059L, 1841005287L, -1166612466L, 1903213032L, 
1490050027L, -1137818487L, 152076312L, 248094534L, 1654177185L, 
-1424157645L, -1331971678L, 2001984660L, 572037911L, -403155699L, 
1733944356L, 929412106L, -1927796363L, 75821263L, 718955478L, 
178625408L, -220762173L, -1791530655L, 313343952L, 2026813230L, 
-2029049127L, -459839253L, -1082820262L, -1039088868L, 1666946591L, 
1876119157L, 666094348L, 331589346L, -639448131L, 869690423L, 
1324056286L, 1468488216L, 102884731L, -1580262119L, 388194728L, 
600946006L, -1534007855L, -420807293L, 118621202L, 857419684L, 
1782359911L, -1861716803L, 565847092L, 115853210L, 1221104613L, 
176066431L, -1840378106L, -874723184L, 932651315L, 485250769L, 
-2028755840L, -634518178L, -1015579991L, -1823390373L, -1137772694L, 
-271237620L, 852604495L, 448944901L, -440697924L, -339415406L, 
-228135539L, -1354621497L, -1637687634L, 1911453448L, 1055188235L, 
391730153L, 546612408L, 1526846310L, -86435839L, 1248085651L, 
-70633150L, 58283764L, 2072691447L, 106124013L, 381021572L, -345848918L, 
1883027733L, 1021178799L, -1082422346L, -2089119264L, -1249939165L, 
807003713L, 1965689136L, 1401551694L, 574153145L, -1981432885L, 
212168826L, -1376136836L, 2054676927L, 455188117L, 430793900L, 
771280514L, 1900316253L, 346794327L, 540455998L, -1815734152L, 
118244187L, -247873863L, 535466760L, -1804441162L, 170850033L, 
2069274915L, -1780927630L, -908691004L, 620872071L, 1531509597L, 
-311249580L, 1658976122L, -47720763L, 1577916447L, 1196785574L, 
1076134192L, -1535173677L, 1629831665L, 1701300000L, -1677684290L, 
-1673059895L, 828052859L, 272204618L, 1926382508L, -2130269521L, 
257300581L, -1590945764L, -1770326414L, 996100333L, -795997913L, 
1138128206L, -536586840L, -568331861L, 38570697L, -1126991144L, 
-2065430650L, 617355873L, -2095856653L, -856451486L, 243085524L, 
-464930345L, 1338092493L, 675798884L, -663598262L, 397089461L, 
-2050332145L, -1463440618L, 242025920L, 1083135363L, -497460319L, 
-163978352L, -854851474L, 1567105826L, -1279249080L, 1249849868L, 
1704286300L, 318727378L, 1460683264L, 82916692L, 2129371624L, 
1515555834L, -754085680L, 1908944172L, 863363828L, -1693277806L, 
-897256352L, 876399884L, -381160736L, -211234462L, -1940850008L, 
-1268284852L, -1928832644L, -638714574L, 1406218352L, -281079996L, 
-1694341672L, -435471238L, 1383235120L, 382300860L, -1850144940L, 
151397442L, -1425138272L, -179615044L, 1730507216L, -1393851038L, 
586600424L, -1902157876L, -1442785540L, -1214391822L, 1113690240L, 
426487028L, 1245916808L, -1393172678L, -1224852656L, -2065748372L, 
2049648788L, 290904402L, -1537018144L, -670991668L, -1915191136L, 
-1171305598L, 1233691368L, 163529452L, -1245492164L, 2089949810L, 
-1667734416L, 2108538404L, 2064645176L, 1522944026L, 782219984L, 
-1387676612L, -900143980L, -439665534L, -630685760L, -1688121028L, 
409074320L, 129414178L, -941648888L, 1765992588L, -981130212L, 
-1408581998L, -731331456L, 778702868L, -149447384L, 812654138L, 
-993055536L, -1176771476L, 1328927412L, 443490322L, 1207941088L, 
890451916L, -506704416L, -1611094494L, -279379672L, 644102412L, 
-245766596L, -1527033614L, 1479594736L, 448373572L, -1778007464L, 
-956265926L, -679026960L, 1254233276L, 386561556L, 251254978L, 
-627283872L, 73168252L, 899478736L, -973562846L, -1332002136L, 
397215628L, 761868732L, -561703886L, 1266693952L, -83212108L, 
-447579320L, 1823677114L, -738584816L, 795746540L, 742093908L, 
598941458L, -321332320L, 1401708492L, -1898300576L, -895799102L, 
-390330840L, 1463248300L, 468999996L, -1378760846L, -1522017488L, 
194716196L, -7448520L, -407649062L, -1273304688L, 673220348L, 
-997740652L, 1935772482L, 1577894400L, -650601924L, -450134448L, 
1663130274L, 324852552L, -852327924L, 1719028956L, -982468014L, 
1460922496L, -238175404L, -1239860760L, 1332095738L, 1556870992L, 
-61948884L, 433829236L, -270973294L, 1007295072L, 1474110092L, 
-535069856L, 1247625954L, -71950168L, 239829196L, 96406012L, 
260837298L, 756594160L, 3679684L, -1007624360L, 1330072442L, 
-1404996176L, -1399916100L, -133715884L, 1005980610L, 338903840L, 
-8446020L, 192834128L, 1547394530L, -86494872L, 1000099148L, 
-762148612L, -1075174670L, -70035712L, -314472844L, -462534648L, 
2068167098L, -302377008L, 1538963948L, -487321708L, 2099901138L, 
-827322784L, -301046452L, -81849056L, -1182059902L, -759797272L, 
-839497748L, -2136213956L, 825216626L, 1911014256L, -817051356L, 
-1447923144L, 839311770L, 1372883408L, 1956871612L, 1530153108L, 
1186798722L, -409901632L, 1483547452L, 1867183248L, 2042118946L, 
-841118200L, -2130989812L, 1991849372L, 1983667730L, -1094349952L, 
112476948L, 1013051688L, 146631738L, 2029038544L, -1485110676L, 
-297534924L, -492275054L, -897508000L, -206427828L, 223008736L, 
1718031778L, 1755962792L, -1549506932L, -1455317572L, -1435931022L, 
175528944L, 2123036228L, 1867405400L, 1098127418L, -2066429840L, 
-461080516L, -879126252L, -763542846L, 38145760L, 1710327932L, 
-187961648L, -1939949150L, 201093160L, -1955259636L, -1264552825L, 
-1904926511L, -490499498L, 1729681972L, -1230020283L, 1100356495L, 
-397836536L, 186607910L, -279414317L, -1801571531L, -592362862L, 
362591840L, 346173385L, -2118140165L, -1494490932L, -1821566630L, 
1148277839L, -1255605991L, 1301594926L, -338891460L, 1007606445L, 
88593751L, 1403569312L, -1372499458L, 1489976523L, 641669837L, 
-1160350214L, -1101834696L, -968934431L, -803126125L, 1239875252L, 
1813914562L, 643733463L, 1886533665L, 1531924454L, -1063646492L, 
970071573L, 1054950975L, -726551080L, 1124457462L, 138056707L, 
-366225595L, 2109178722L, 1449536720L, -277235719L, -1680901333L, 
1525747868L, -298365238L, 566908863L, 527815433L, -383095778L, 
-139577908L, -548307043L, -660223449L, -785184688L, 1965715694L, 
-893362789L, 1256260605L, 1448058602L, -549058168L, 1412024113L, 
-1363732573L, 369065892L, 1066146386L, -1340681817L, -2101516815L, 
-130797258L, -1535170092L, 1085947749L, -1001509009L, -1569214040L, 
-1305221370L, -606043597L, -298426219L, 2115354866L, 1106794816L, 
-707795287L, 1857150747L, -1811789588L, -1376303878L, 1428589871L, 
-875562695L, -790492338L, -452464228L, 1407183629L, 415686007L, 
-1863689856L, -84082722L, 1999906987L, -1278084179L, -1077870566L, 
1445730008L, -394217663L, -1351063565L, -1767298540L, 1520448418L, 
1842261175L, -1421851007L, -1083908474L, 2038310596L, 497764341L, 
1178906207L, 961988792L, -1125438058L, -334856285L, -1561078939L, 
-1104686462L, 57516016L, -2071090791L, -114227317L, -1038445956L, 
-27090774L, 1813742303L, -1569943447L, -657110402L, 2029441644L, 
55660221L, -1186212985L, -2007443600L, -212591090L, 1479246651L, 
-2114437091L, -1551705910L, -1955920920L, -1683140399L, 1627753667L, 
1107743684L, -1392543630L, -1827452601L, 1915090193L, 931631254L, 
69973492L, 1484228485L, 11941583L, 313066440L, -81218970L, -163681133L, 
1759028213L, 640296402L, 2098107936L, 1109227529L, 1161952571L, 
-1388875636L, -2062549734L, -1847061617L, -1014993703L, -2037464210L, 
